Linux 5.15.0-136-generic (qiang-gpu6) 	09/30/25 	_x86_64_	(10 CPU)

13:26:47     CPU    %usr   %nice    %sys %iowait    %irq   %soft  %steal  %guest  %gnice   %idle
13:26:48     all   75.88    0.00   15.22    0.00    0.00    8.81    0.00    0.00    0.00    0.10
13:26:49     all   76.87    0.00   14.26    0.00    0.00    8.87    0.00    0.00    0.00    0.00
13:26:50     all   69.51    0.00   21.46    0.00    0.00    8.73    0.00    0.00    0.00    0.30
13:26:51     all   64.23    0.00   23.65    0.30    0.00    8.92    0.00    0.00    0.00    2.91
13:26:52     all   74.10    0.00   16.60    0.00    0.00    8.30    0.00    0.00    0.00    1.00
13:26:53     all   69.96    0.00   21.76    0.00    0.00    7.88    0.00    0.00    0.00    0.40
13:26:54     all   71.47    0.00   18.82    0.00    0.00    9.21    0.00    0.00    0.00    0.50
13:26:55     all   76.68    0.00   13.07    0.00    0.00    9.05    0.00    0.00    0.00    1.21
13:26:56     all   74.45    0.00   16.33    0.00    0.00    8.32    0.00    0.00    0.00    0.90
13:26:57     all   73.60    0.00   17.40    0.00    0.00    8.50    0.00    0.00    0.00    0.50
13:26:58     all   82.14    0.00    9.48    0.00    0.00    8.28    0.00    0.00    0.00    0.10
13:26:59     all   76.71    0.00   13.86    0.00    0.00    9.04    0.00    0.00    0.00    0.40
13:27:00     all   72.37    0.00   17.72    0.20    0.00    9.21    0.00    0.00    0.00    0.50
13:27:01     all   76.82    0.00   13.59    0.00    0.00    8.39    0.00    0.00    0.00    1.20
13:27:02     all   82.78    0.00    7.51    0.00    0.00    9.21    0.00    0.00    0.00    0.50
13:27:03     all   83.18    0.00    8.21    0.00    0.00    8.41    0.00    0.00    0.00    0.20
13:27:04     all   83.52    0.00    8.19    0.00    0.00    7.99    0.00    0.00    0.00    0.30
13:27:05     all   85.07    0.00    7.41    0.00    0.00    7.41    0.00    0.00    0.00    0.10
13:27:06     all   82.57    0.00    8.22    0.10    0.00    8.32    0.00    0.00    0.00    0.80
13:27:07     all   80.82    0.00    9.59    0.00    0.00    8.49    0.00    0.00    0.00    1.10
13:27:08     all   85.46    0.00    6.82    0.00    0.00    7.72    0.00    0.00    0.00    0.00
13:27:09     all   83.25    0.00    8.77    0.00    0.00    7.38    0.00    0.00    0.00    0.60
13:27:10     all   80.44    0.00    9.63    0.00    0.00    9.63    0.00    0.00    0.00    0.30
13:27:11     all   83.35    0.00    7.32    0.00    0.00    8.02    0.00    0.00    0.00    1.30
13:27:12     all   84.62    0.00    6.79    0.00    0.00    8.39    0.00    0.00    0.00    0.20
13:27:13     all   81.24    0.00    9.53    0.00    0.00    8.93    0.00    0.00    0.00    0.30
13:27:14     all   82.60    0.00    8.90    0.00    0.00    8.10    0.00    0.00    0.00    0.40
13:27:15     all   84.48    0.00    7.21    0.00    0.00    8.21    0.00    0.00    0.00    0.10
13:27:16     all   82.22    0.00    9.09    0.00    0.00    8.49    0.00    0.00    0.00    0.20
13:27:17     all   83.63    0.00    7.63    0.00    0.00    8.23    0.00    0.00    0.00    0.50
13:27:18     all   84.84    0.00    6.43    0.00    0.00    8.63    0.00    0.00    0.00    0.10
13:27:19     all   82.15    0.00    8.77    0.00    0.00    8.18    0.00    0.00    0.00    0.90
13:27:20     all   78.11    0.00   11.45    0.00    0.00    8.84    0.00    0.00    0.00    1.61
13:27:21     all   79.52    0.00    9.39    0.00    0.00    9.19    0.00    0.00    0.00    1.90
13:27:22     all   80.91    0.00    9.54    0.00    0.00    9.34    0.00    0.00    0.00    0.20
13:27:23     all   81.18    0.00    9.41    0.00    0.00    9.31    0.00    0.00    0.00    0.10
13:27:24     all   83.28    0.00    8.11    0.00    0.00    8.61    0.00    0.00    0.00    0.00
13:27:25     all   82.62    0.00    8.69    0.00    0.00    8.69    0.00    0.00    0.00    0.00
13:27:26     all   83.94    0.00    7.53    0.00    0.00    8.13    0.00    0.00    0.00    0.40
13:27:27     all   81.42    0.00    9.49    0.00    0.00    8.09    0.00    0.00    0.00    1.00
13:27:28     all   80.32    0.00    7.69    0.00    0.00    8.59    0.00    0.00    0.00    3.40
13:27:29     all   80.86    0.00   10.12    0.00    0.00    9.02    0.00    0.00    0.00    0.00
13:27:30     all   82.78    0.00    8.51    0.00    0.00    8.71    0.00    0.00    0.00    0.00
13:27:31     all   81.62    0.00    8.69    0.00    0.00    8.69    0.00    0.00    0.00    1.00
13:27:32     all   80.22    0.00    7.29    0.00    0.00    8.09    0.00    0.00    0.00    4.40
13:27:33     all   79.34    0.00    9.43    0.10    0.00    8.53    0.00    0.00    0.00    2.61
13:27:34     all   84.92    0.00    7.59    0.00    0.00    7.39    0.00    0.00    0.00    0.10
13:27:35     all   82.00    0.00    9.30    0.00    0.00    8.50    0.00    0.00    0.00    0.20
13:27:36     all   79.48    0.00    8.67    0.00    0.00    8.07    0.00    0.00    0.00    3.78
13:27:37     all   76.39    0.00    9.69    0.00    0.00    8.17    0.00    0.00    0.00    5.75
13:27:38     all   81.12    0.00    8.43    0.00    0.00    8.43    0.00    0.00    0.00    2.01
13:27:39     all   80.02    0.00    7.89    0.00    0.00    8.29    0.00    0.00    0.00    3.80
13:27:40     all   81.70    0.00    8.40    0.00    0.00    8.90    0.00    0.00    0.00    1.00
13:27:41     all   78.70    0.00   11.50    0.60    0.00    8.80    0.00    0.00    0.00    0.40
13:27:42     all   82.08    0.00    8.81    0.00    0.00    8.61    0.00    0.00    0.00    0.50
13:27:43     all   84.18    0.00    6.81    0.00    0.00    8.51    0.00    0.00    0.00    0.50
13:27:44     all   83.77    0.00    7.52    0.00    0.00    8.52    0.00    0.00    0.00    0.20
13:27:45     all   81.26    0.00    9.77    0.00    0.00    8.87    0.00    0.00    0.00    0.10
13:27:46     all   81.88    0.00    9.41    0.00    0.00    8.71    0.00    0.00    0.00    0.00
13:27:47     all   83.63    0.00    8.08    0.00    0.00    7.88    0.00    0.00    0.00    0.40
13:27:48     all   76.84    0.00    8.36    0.20    0.00    8.86    0.00    0.00    0.00    5.74
13:27:49     all   80.40    0.00    8.14    0.00    0.00    8.24    0.00    0.00    0.00    3.22
13:27:50     all   77.86    0.00    8.32    0.00    0.00    8.62    0.00    0.00    0.00    5.21
13:27:51     all   79.92    0.00   10.09    0.00    0.00    8.79    0.00    0.00    0.00    1.20
13:27:52     all   81.24    0.00    9.93    0.00    0.00    8.12    0.00    0.00    0.00    0.70
13:27:53     all   83.20    0.00    8.30    0.00    0.00    8.30    0.00    0.00    0.00    0.20
13:27:54     all   81.78    0.00    8.21    0.00    0.00    8.51    0.00    0.00    0.00    1.50
13:27:55     all   81.26    0.00    9.62    0.00    0.00    8.82    0.00    0.00    0.00    0.30
13:27:56     all   82.69    0.10    9.05    0.00    0.00    7.96    0.00    0.00    0.00    0.20
13:27:57     all   83.37    0.00    7.82    0.00    0.00    8.22    0.00    0.00    0.00    0.60
13:27:58     all   84.08    0.00    7.21    0.00    0.00    8.41    0.00    0.00    0.00    0.30
13:27:59     all   83.72    0.00    7.69    0.00    0.00    8.09    0.00    0.00    0.00    0.50
13:28:00     all   82.45    0.00    8.87    0.00    0.00    8.28    0.00    0.00    0.00    0.40
13:28:01     all   80.04    0.00   10.03    0.00    0.00    7.82    0.00    0.00    0.00    2.11
13:28:02     all   80.70    0.00    9.50    0.00    0.00    8.70    0.00    0.00    0.00    1.10
13:28:03     all   79.58    0.00    7.71    0.00    0.00    8.11    0.00    0.00    0.00    4.60
13:28:04     all   82.65    0.00    8.47    0.00    0.00    8.87    0.00    0.00    0.00    0.00
13:28:05     all   83.25    0.00    8.12    0.00    0.00    8.32    0.00    0.00    0.00    0.30
13:28:06     all   77.78    0.00    7.81    0.00    0.00    8.51    0.00    0.00    0.00    5.91
13:28:07     all   77.21    0.00    8.13    0.10    0.00    6.83    0.00    0.00    0.00    7.73
13:28:08     all   77.52    0.00    8.06    0.30    0.00    8.57    0.00    0.00    0.00    5.54
13:28:09     all   77.36    0.00    7.04    0.00    0.00    7.65    0.00    0.00    0.00    7.95
13:28:10     all   81.56    0.00    8.62    0.00    0.00    8.62    0.00    0.00    0.00    1.20
13:28:11     all   77.09    0.00    9.15    0.00    0.00    8.94    0.00    0.00    0.00    4.82
13:28:12     all   77.45    0.00    8.62    0.00    0.00    8.92    0.00    0.00    0.00    5.01
13:28:13     all   79.54    0.00    8.32    0.00    0.00    9.23    0.00    0.00    0.00    2.91
13:28:14     all   81.97    0.00    8.86    0.00    0.00    8.67    0.00    0.00    0.00    0.50
13:28:15     all   81.43    0.00    8.13    0.00    0.00    8.23    0.00    0.00    0.00    2.21
13:28:16     all   81.68    0.00    9.11    0.00    0.00    8.81    0.00    0.00    0.00    0.40
13:28:17     all   83.73    0.00    7.58    0.00    0.00    8.28    0.00    0.00    0.00    0.40
13:28:18     all   82.06    0.00    8.32    0.00    0.00    8.62    0.00    0.00    0.00    1.00
13:28:19     all   81.89    0.00    7.75    0.00    0.00    8.35    0.00    0.00    0.00    2.01
13:28:20     all   82.18    0.00    8.41    0.00    0.00    8.81    0.00    0.00    0.00    0.60
13:28:21     all   83.00    0.00    8.20    0.00    0.00    8.70    0.00    0.00    0.00    0.10
13:28:22     all   79.18    0.00   11.01    0.00    0.00    9.21    0.00    0.00    0.00    0.60
13:28:23     all   83.12    0.00    8.19    0.00    0.00    8.49    0.00    0.00    0.00    0.20
13:28:24     all   82.43    0.00    8.63    0.00    0.00    8.73    0.00    0.00    0.00    0.20
13:28:25     all   82.45    0.00    8.73    0.00    0.00    8.53    0.00    0.00    0.00    0.30
13:28:26     all   82.14    0.00    8.88    0.00    0.00    8.88    0.00    0.00    0.00    0.10
13:28:27     all   82.72    0.00    9.19    0.00    0.00    8.09    0.00    0.00    0.00    0.00
13:28:28     all   82.35    0.00    8.63    0.00    0.00    9.03    0.00    0.00    0.00    0.00
13:28:29     all   81.37    0.00    9.66    0.00    0.00    8.86    0.00    0.00    0.00    0.10
13:28:30     all   83.12    0.00    8.24    0.00    0.00    8.14    0.00    0.00    0.00    0.50
13:28:31     all   80.00    0.00    9.20    0.00    0.00    8.50    0.00    0.00    0.00    2.30
13:28:32     all   80.74    0.00    9.23    0.00    0.00    9.13    0.00    0.00    0.00    0.90
13:28:33     all   82.42    0.00    9.19    0.00    0.00    8.29    0.00    0.00    0.00    0.10
13:28:34     all   84.82    0.00    6.29    0.00    0.00    8.39    0.00    0.00    0.00    0.50
13:28:35     all   82.00    0.00    8.90    0.00    0.00    8.90    0.00    0.00    0.00    0.20
13:28:36     all   83.37    0.00    8.76    0.00    0.00    7.77    0.00    0.00    0.00    0.10
13:28:37     all   82.46    0.00    8.32    0.00    0.00    8.62    0.00    0.00    0.00    0.60
13:28:38     all   82.57    0.00    8.62    0.00    0.00    8.22    0.00    0.00    0.00    0.60
13:28:39     all   82.63    0.00    8.08    0.00    0.00    8.98    0.00    0.00    0.00    0.30
13:28:40     all   82.36    0.00    9.22    0.00    0.00    8.42    0.00    0.00    0.00    0.00
13:28:41     all   82.37    0.00    8.96    0.00    0.00    8.27    0.00    0.00    0.00    0.40
13:28:42     all   82.53    0.00    8.03    0.00    0.00    8.53    0.00    0.00    0.00    0.90
13:28:43     all   85.46    0.00    6.52    0.00    0.00    7.32    0.00    0.00    0.00    0.70
13:28:44     all   78.64    0.00    9.68    0.00    0.00    9.48    0.00    0.00    0.00    2.20
13:28:45     all   81.22    0.00    9.74    0.00    0.00    8.94    0.00    0.00    0.00    0.10
13:28:46     all   81.77    0.00    9.56    0.00    0.00    8.57    0.00    0.00    0.00    0.10
13:28:47     all   82.38    0.00    8.81    0.00    0.00    8.71    0.00    0.00    0.00    0.10
13:28:48     all   78.20    0.00    7.37    0.20    0.00    7.77    0.00    0.00    0.00    6.46
13:28:49     all   83.48    0.00    7.41    0.00    0.00    7.81    0.00    0.00    0.00    1.30
13:28:50     all   83.78    0.00    7.91    0.00    0.00    8.21    0.00    0.00    0.00    0.10
13:28:51     all   81.38    0.00    7.71    0.00    0.00    9.01    0.00    0.00    0.00    1.90
13:28:52     all   79.88    0.00    8.55    0.00    0.00    7.75    0.00    0.00    0.00    3.82
13:28:53     all   75.98    0.00    7.91    0.30    0.00    8.91    0.00    0.00    0.00    6.91
13:28:54     all   79.82    0.00    6.22    0.00    0.00    8.23    0.00    0.00    0.00    5.72
13:28:55     all   83.80    0.00    7.00    0.00    0.00    8.30    0.00    0.00    0.00    0.90
13:28:56     all   78.44    0.00    8.18    0.00    0.00    8.48    0.00    0.00    0.00    4.89
13:28:57     all   80.28    0.00    8.31    0.00    0.00    8.71    0.00    0.00    0.00    2.70
13:28:58     all   81.56    0.00    9.12    0.00    0.00    8.92    0.00    0.00    0.00    0.40
13:28:59     all   83.35    0.00    8.22    0.00    0.00    8.22    0.00    0.00    0.00    0.20
13:29:00     all   80.52    0.00   10.59    0.00    0.00    8.59    0.00    0.00    0.00    0.30
13:29:01     all   82.52    0.00    9.29    0.00    0.00    7.89    0.00    0.00    0.00    0.30
13:29:02     all   81.48    0.00    9.71    0.00    0.00    8.51    0.00    0.00    0.00    0.30
13:29:03     all   82.15    0.00    8.83    0.00    0.00    8.83    0.00    0.00    0.00    0.20
13:29:04     all   84.50    0.00    7.30    0.00    0.00    8.10    0.00    0.00    0.00    0.10
13:29:05     all   83.38    0.00    7.61    0.00    0.00    8.51    0.00    0.00    0.00    0.50
13:29:06     all   83.42    0.00    7.99    0.00    0.00    8.29    0.00    0.00    0.00    0.30
13:29:07     all   84.12    0.00    7.24    0.00    0.00    8.24    0.00    0.00    0.00    0.40
13:29:08     all   80.32    0.00    8.59    0.00    0.00    8.49    0.00    0.00    0.00    2.60
13:29:09     all   84.15    0.00    7.32    0.00    0.00    8.43    0.00    0.00    0.00    0.10
13:29:10     all   81.70    0.00    9.20    0.00    0.00    9.00    0.00    0.00    0.00    0.10
13:29:11     all   83.08    0.00    8.81    0.00    0.00    8.11    0.00    0.00    0.00    0.00
13:29:12     all   81.48    0.00    9.31    0.00    0.00    8.81    0.00    0.00    0.00    0.40
13:29:13     all   82.53    0.00    8.78    0.00    0.00    8.68    0.00    0.00    0.00    0.00
13:29:14     all   83.92    0.00    7.99    0.00    0.00    7.79    0.00    0.00    0.00    0.30
13:29:15     all   82.24    0.00    8.48    0.00    0.00    8.88    0.00    0.00    0.00    0.40
13:29:16     all   83.88    0.00    7.61    0.00    0.00    8.21    0.00    0.00    0.00    0.30
13:29:17     all   82.97    0.00    8.02    0.00    0.00    8.62    0.00    0.00    0.00    0.40
13:29:18     all   82.80    0.00    8.40    0.00    0.00    8.60    0.00    0.00    0.00    0.20
13:29:19     all   82.55    0.00    8.67    0.00    0.00    8.28    0.00    0.00    0.00    0.50
13:29:20     all   83.40    0.00    7.80    0.00    0.00    8.60    0.00    0.00    0.00    0.20
13:29:21     all   81.54    0.00    8.38    0.00    0.00    9.28    0.00    0.00    0.00    0.80
13:29:22     all   80.06    0.00    8.82    0.00    0.00    9.52    0.00    0.00    0.00    1.60
13:29:23     all   79.15    0.00   10.27    0.10    0.00    9.06    0.00    0.00    0.00    1.41
13:29:24     all   79.98    0.00    9.21    0.00    0.00    8.81    0.00    0.00    0.00    2.00
13:29:25     all   81.66    0.00    9.07    0.00    0.00    8.77    0.00    0.00    0.00    0.50
13:29:26     all   81.46    0.00    9.92    0.00    0.00    8.62    0.00    0.00    0.00    0.00
13:29:27     all   84.17    0.00    7.82    0.00    0.00    7.92    0.00    0.00    0.00    0.10
13:29:28     all   84.53    0.00    6.79    0.00    0.00    8.28    0.00    0.00    0.00    0.40
13:29:29     all   82.20    0.00    9.30    0.00    0.00    8.10    0.00    0.00    0.00    0.40
13:29:30     all   84.85    0.00    7.32    0.00    0.00    7.62    0.00    0.00    0.00    0.20
13:29:31     all   80.54    0.00   10.38    0.00    0.00    8.58    0.00    0.00    0.00    0.50
13:29:32     all   82.29    0.00    8.05    0.00    0.00    8.55    0.00    0.00    0.00    1.11
13:29:33     all   80.93    0.00    8.64    0.00    0.00    9.14    0.00    0.00    0.00    1.29
13:29:34     all   84.13    0.00    7.49    0.00    0.00    8.28    0.00    0.00    0.00    0.10
13:29:35     all   84.65    0.00    7.42    0.00    0.00    7.82    0.00    0.00    0.00    0.10
13:29:36     all   83.08    0.00    8.11    0.00    0.00    8.61    0.00    0.00    0.00    0.20
13:29:37     all   82.70    0.00    8.50    0.00    0.00    8.20    0.00    0.00    0.00    0.60
13:29:38     all   83.93    0.00    7.29    0.00    0.00    8.18    0.00    0.00    0.00    0.60
13:29:39     all   82.93    0.00    8.13    0.00    0.00    8.43    0.00    0.00    0.00    0.50
13:29:40     all   82.04    0.00    8.78    0.00    0.00    8.88    0.00    0.00    0.00    0.30
13:29:41     all   83.58    0.00    8.51    0.00    0.00    7.61    0.00    0.00    0.00    0.30
13:29:42     all   81.38    0.00    9.21    0.00    0.00    8.81    0.00    0.00    0.00    0.60
13:29:43     all   80.52    0.00    8.84    0.00    0.00    8.03    0.00    0.00    0.00    2.61
13:29:44     all   79.70    0.00    7.94    0.00    0.00    7.84    0.00    0.00    0.00    4.52
13:29:45     all   83.70    0.00    7.40    0.00    0.00    8.30    0.00    0.00    0.00    0.60
13:29:46     all   81.26    0.00    9.12    0.00    0.00    9.62    0.00    0.00    0.00    0.00
13:29:47     all   81.64    0.00    8.43    0.00    0.00    8.43    0.00    0.00    0.00    1.50
13:29:48     all   81.44    0.00    8.63    0.00    0.00    7.92    0.00    0.00    0.00    2.01
13:29:49     all   80.40    0.00    9.35    0.00    0.00    9.05    0.00    0.00    0.00    1.21
13:29:50     all   82.92    0.00    8.19    0.00    0.00    8.89    0.00    0.00    0.00    0.00
13:29:51     all   83.50    0.00    7.60    0.00    0.00    8.70    0.00    0.00    0.00    0.20
13:29:52     all   82.55    0.00    8.83    0.00    0.00    8.32    0.00    0.00    0.00    0.30
13:29:53     all   83.17    0.00    8.67    0.00    0.00    7.87    0.00    0.00    0.00    0.30
13:29:54     all   81.42    0.00    9.09    0.00    0.00    8.99    0.00    0.00    0.00    0.50
13:29:55     all   79.96    0.00    9.92    0.00    0.00    9.22    0.00    0.00    0.00    0.90
13:29:56     all   82.80    0.00    8.50    0.00    0.00    8.60    0.00    0.00    0.00    0.10
13:29:57     all   82.18    0.00    8.51    0.00    0.00    8.21    0.00    0.00    0.00    1.10
13:29:58     all   81.06    0.00    8.67    0.00    0.00    8.57    0.00    0.00    0.00    1.69
13:29:59     all   80.96    0.00    8.02    0.00    0.00    8.82    0.00    0.00    0.00    2.20
13:30:00     all   83.83    0.00    7.19    0.00    0.00    8.38    0.00    0.00    0.00    0.60
13:30:01     all   82.10    0.00    8.70    0.00    0.00    8.60    0.00    0.00    0.00    0.60
13:30:02     all   83.07    0.00    8.02    0.00    0.00    8.92    0.00    0.00    0.00    0.00
13:30:03     all   81.92    0.00    9.29    0.00    0.00    8.49    0.00    0.00    0.00    0.30
13:30:04     all   80.90    0.00   10.30    0.00    0.00    8.80    0.00    0.00    0.00    0.00
13:30:05     all   85.26    0.00    5.72    0.00    0.00    8.73    0.00    0.00    0.00    0.30
13:30:06     all   81.68    0.00    9.31    0.00    0.00    8.71    0.00    0.00    0.00    0.30
13:30:07     all   84.82    0.00    6.99    0.00    0.00    7.69    0.00    0.00    0.00    0.50
13:30:08     all   83.45    0.00    8.08    0.00    0.00    8.28    0.00    0.00    0.00    0.20
13:30:09     all   84.00    0.00    7.20    0.00    0.00    8.50    0.00    0.00    0.00    0.30
13:30:10     all   83.18    0.00    7.71    0.00    0.00    8.41    0.00    0.00    0.00    0.70
13:30:11     all   83.25    0.00    7.82    0.00    0.00    8.93    0.00    0.00    0.00    0.00
13:30:12     all   85.04    0.00    6.48    0.00    0.00    8.18    0.00    0.00    0.00    0.30
13:30:13     all   80.48    0.00    8.05    0.10    0.00    8.85    0.00    0.00    0.00    2.52
13:30:14     all   79.88    0.00    9.71    0.00    0.00    8.61    0.00    0.00    0.00    1.80
13:30:15     all   78.99    0.00    7.64    0.00    0.00    8.34    0.00    0.00    0.00    5.03
13:30:16     all   75.48    0.00    9.55    0.00    0.00    8.74    0.00    0.00    0.00    6.23
13:30:17     all   79.66    0.00    7.21    0.00    0.00    8.62    0.00    0.00    0.00    4.51
13:30:18     all   80.56    0.00    8.28    0.00    0.00    9.07    0.00    0.00    0.00    2.09
13:30:19     all   81.46    0.00    8.22    0.00    0.00    8.72    0.00    0.00    0.00    1.60
13:30:20     all   82.62    0.00    7.79    0.00    0.00    8.79    0.00    0.00    0.00    0.80
13:30:21     all   84.12    0.00    7.19    0.00    0.00    8.49    0.00    0.00    0.00    0.20
13:30:22     all   83.53    0.00    7.93    0.00    0.00    8.53    0.00    0.00    0.00    0.00
13:30:23     all   83.08    0.00    7.96    0.00    0.00    8.36    0.00    0.00    0.00    0.60
13:30:24     all   81.85    0.00    8.83    0.00    0.00    8.73    0.00    0.00    0.00    0.60
13:30:25     all   81.95    0.00    9.27    0.00    0.00    8.37    0.00    0.00    0.00    0.40
13:30:26     all   82.23    0.00    9.14    0.00    0.00    8.43    0.00    0.00    0.00    0.20
13:30:27     all   81.96    0.00    8.02    0.00    0.00    9.32    0.00    0.00    0.00    0.70
13:30:28     all   81.78    0.00    9.01    0.00    0.00    9.11    0.00    0.00    0.00    0.10
13:30:29     all   82.73    0.00    7.88    0.00    0.00    8.58    0.00    0.00    0.00    0.80
13:30:30     all   80.72    0.00   10.04    0.00    0.00    8.63    0.00    0.00    0.00    0.60
13:30:31     all   83.85    0.00    8.02    0.00    0.00    8.12    0.00    0.00    0.00    0.00
13:30:32     all   84.78    0.00    6.71    0.00    0.00    8.31    0.00    0.00    0.00    0.20
13:30:33     all   83.88    0.00    7.41    0.00    0.00    8.01    0.00    0.00    0.00    0.70
13:30:34     all   80.70    0.00    9.80    0.00    0.00    9.20    0.00    0.00    0.00    0.30
13:30:35     all   82.65    0.00    6.88    0.00    0.00    7.88    0.00    0.00    0.00    2.59
13:30:36     all   76.58    0.00    7.91    0.00    0.00    8.71    0.00    0.00    0.00    6.81
13:30:37     all   79.22    0.00    6.33    0.00    0.00    8.43    0.00    0.00    0.00    6.02
13:30:38     all   81.44    0.00    8.63    0.00    0.00    9.03    0.00    0.00    0.00    0.90
13:30:39     all   82.24    0.00    8.68    0.00    0.00    8.48    0.00    0.00    0.00    0.60
13:30:40     all   82.51    0.00    7.34    0.00    0.00    8.74    0.00    0.00    0.00    1.41
13:30:41     all   78.56    0.00    8.72    0.00    0.00    8.42    0.00    0.00    0.00    4.31
13:30:42     all   82.02    0.00    9.09    0.00    0.00    8.69    0.00    0.00    0.00    0.20
13:30:43     all   79.88    0.00    8.61    0.00    0.00    8.31    0.00    0.00    0.00    3.20
13:30:44     all   82.13    0.00    9.34    0.00    0.00    8.03    0.00    0.00    0.00    0.50
13:30:45     all   82.26    0.00    8.92    0.00    0.00    8.72    0.00    0.00    0.00    0.10
13:30:46     all   82.05    0.00    9.37    0.00    0.00    8.37    0.00    0.00    0.00    0.20
13:30:47     all   83.02    0.00    8.29    0.00    0.00    8.49    0.00    0.00    0.00    0.20
13:30:48     all   83.78    0.00    7.91    0.00    0.00    7.91    0.00    0.00    0.00    0.40
13:30:49     all   84.20    0.00    7.10    0.00    0.00    8.50    0.00    0.00    0.00    0.20
13:30:50     all   82.16    0.00    8.92    0.00    0.00    8.52    0.00    0.00    0.00    0.40
13:30:51     all   82.62    0.00    8.69    0.00    0.00    8.49    0.00    0.00    0.00    0.20
13:30:52     all   84.80    0.00    7.00    0.00    0.00    8.00    0.00    0.00    0.00    0.20
13:30:53     all   80.30    0.00    9.25    0.00    0.00    9.35    0.00    0.00    0.00    1.09
13:30:54     all   84.62    0.00    6.29    0.00    0.00    8.69    0.00    0.00    0.00    0.40
13:30:55     all   83.20    0.00    8.70    0.00    0.00    8.00    0.00    0.00    0.00    0.10
13:30:56     all   78.51    0.00    9.34    0.00    0.00    8.94    0.00    0.00    0.00    3.21
13:30:57     all   77.13    0.00    8.53    0.00    0.00    8.83    0.00    0.00    0.00    5.52
13:30:58     all   77.54    0.00    9.18    0.00    0.00    9.08    0.00    0.00    0.00    4.19
13:30:59     all   81.33    0.00    8.23    0.00    0.00    8.43    0.00    0.00    0.00    2.01
13:31:00     all   81.66    0.00    7.31    0.00    0.00    8.02    0.00    0.00    0.00    3.01
13:31:01     all   82.82    0.00    7.79    0.00    0.00    9.29    0.00    0.00    0.00    0.10
13:31:02     all   80.54    0.00    9.98    0.00    0.00    9.18    0.00    0.00    0.00    0.30
13:31:03     all   82.83    0.00    8.23    0.00    0.00    8.73    0.00    0.00    0.00    0.20
13:31:04     all   81.38    0.00    9.51    0.00    0.00    8.91    0.00    0.00    0.00    0.20
13:31:05     all   79.88    0.00   10.21    0.00    0.00    8.71    0.00    0.00    0.00    1.20
13:31:06     all   82.73    0.00    8.48    0.00    0.00    8.08    0.00    0.00    0.00    0.70
13:31:07     all   83.80    0.00    7.80    0.00    0.00    7.90    0.00    0.00    0.00    0.50
13:31:08     all   81.74    0.00    9.48    0.00    0.00    8.78    0.00    0.00    0.00    0.00
13:31:09     all   83.17    0.00    7.92    0.00    0.00    8.92    0.00    0.00    0.00    0.00
13:31:10     all   85.07    0.00    6.61    0.00    0.00    8.12    0.00    0.00    0.00    0.20
13:31:11     all   83.25    0.00    7.38    0.00    0.00    8.87    0.00    0.00    0.00    0.50
13:31:12     all   83.52    0.00    7.99    0.00    0.00    8.39    0.00    0.00    0.00    0.10
13:31:13     all   82.35    0.00    8.63    0.00    0.00    8.83    0.00    0.00    0.00    0.20
13:31:14     all   83.55    0.00    7.22    0.00    0.00    8.32    0.00    0.00    0.00    0.90
13:31:15     all   81.40    0.00    9.50    0.00    0.00    8.10    0.00    0.00    0.00    1.00
13:31:16     all   82.02    0.00    9.49    0.00    0.00    8.29    0.00    0.00    0.00    0.20
13:31:17     all   82.16    0.00    8.92    0.00    0.00    8.52    0.00    0.00    0.00    0.40
13:31:18     all   80.34    0.00   10.38    0.00    0.00    9.18    0.00    0.00    0.00    0.10
13:31:19     all   83.35    0.00    7.72    0.00    0.00    8.73    0.00    0.00    0.00    0.20
13:31:20     all   81.93    0.00    8.03    0.00    0.00    8.13    0.00    0.00    0.00    1.91
13:31:21     all   83.42    0.00    7.19    0.00    0.00    8.49    0.00    0.00    0.00    0.90
13:31:22     all   82.35    0.00    8.97    0.00    0.00    8.67    0.00    0.00    0.00    0.00
13:31:23     all   83.68    0.00    7.71    0.00    0.00    8.31    0.00    0.00    0.00    0.30
13:31:24     all   81.63    0.00    9.24    0.00    0.00    8.43    0.00    0.00    0.00    0.70
13:31:25     all   82.88    0.00    8.31    0.00    0.00    8.71    0.00    0.00    0.00    0.10
13:31:26     all   79.14    0.00   10.38    0.00    0.00    8.98    0.00    0.00    0.00    1.50
13:31:27     all   80.14    0.00   10.78    0.00    0.00    8.98    0.00    0.00    0.00    0.10
13:31:28     all   82.20    0.00    8.70    0.00    0.00    9.00    0.00    0.00    0.00    0.10
13:31:29     all   85.07    0.00    6.81    0.00    0.00    8.02    0.00    0.00    0.00    0.10
13:31:30     all   80.14    0.00    8.88    0.00    0.00    8.58    0.00    0.00    0.00    2.40
13:31:31     all   80.66    0.00    8.22    0.00    0.00    9.02    0.00    0.00    0.00    2.10
13:31:32     all   82.73    0.00    8.23    0.00    0.00    7.83    0.00    0.00    0.00    1.20
13:31:33     all   80.10    0.00    8.74    0.00    0.00    9.25    0.00    0.00    0.00    1.91
13:31:34     all   78.20    0.00    8.20    0.00    0.00    8.50    0.00    0.00    0.00    5.10
13:31:35     all   78.75    0.00    7.05    0.00    0.00    8.76    0.00    0.00    0.00    5.44
13:31:36     all   82.34    0.00    9.48    0.00    0.00    7.78    0.00    0.00    0.00    0.40
13:31:37     all   82.65    0.00    8.63    0.00    0.00    8.73    0.00    0.00    0.00    0.00
13:31:38     all   82.92    0.00    8.29    0.00    0.00    8.59    0.00    0.00    0.00    0.20
13:31:39     all   79.62    0.00    7.49    0.00    0.00    9.29    0.00    0.00    0.00    3.60
13:31:40     all   78.31    0.00    9.04    0.00    0.00    8.94    0.00    0.00    0.00    3.71
13:31:41     all   78.65    0.00    9.47    0.00    0.00    8.56    0.00    0.00    0.00    3.32
13:31:42     all   83.05    0.00    8.57    0.00    0.00    8.18    0.00    0.00    0.00    0.20
13:31:43     all   82.53    0.00    8.28    0.00    0.00    9.08    0.00    0.00    0.00    0.10
13:31:44     all   83.84    0.00    8.33    0.00    0.00    7.63    0.00    0.00    0.00    0.20
13:31:45     all   82.20    0.00    8.60    0.00    0.00    9.00    0.00    0.00    0.00    0.20
13:31:46     all   82.33    0.00    9.64    0.00    0.00    7.63    0.00    0.00    0.00    0.40
13:31:47     all   83.22    0.00    8.19    0.00    0.00    8.29    0.00    0.00    0.00    0.30
13:31:48     all   85.17    0.00    6.61    0.00    0.00    8.22    0.00    0.00    0.00    0.00
13:31:49     all   82.80    0.00    8.40    0.00    0.00    8.50    0.00    0.00    0.00    0.30
13:31:50     all   84.33    0.00    7.09    0.00    0.00    8.58    0.00    0.00    0.00    0.00
13:31:51     all   83.08    0.00    8.21    0.00    0.00    8.41    0.00    0.00    0.00    0.30
13:31:52     all   82.58    0.00    8.51    0.00    0.00    8.81    0.00    0.00    0.00    0.10
13:31:53     all   82.55    0.00    8.37    0.00    0.00    8.97    0.00    0.00    0.00    0.10
13:31:54     all   82.46    0.00    8.82    0.00    0.00    7.92    0.00    0.00    0.00    0.80
13:31:55     all   81.40    0.00    9.40    0.00    0.00    9.00    0.00    0.00    0.00    0.20
13:31:56     all   78.74    0.00   10.83    0.00    0.00    9.43    0.00    0.00    0.00    1.00
13:31:57     all   81.75    0.00    8.37    0.00    0.00    8.97    0.00    0.00    0.00    0.90
13:31:58     all   83.48    0.00    8.41    0.00    0.00    7.91    0.00    0.00    0.00    0.20
13:31:59     all   84.77    0.00    6.31    0.00    0.00    8.62    0.00    0.00    0.00    0.30
13:32:00     all   82.82    0.00    8.79    0.00    0.00    8.29    0.00    0.00    0.00    0.10
13:32:01     all   81.88    0.00    9.21    0.00    0.00    8.91    0.00    0.00    0.00    0.00
13:32:02     all   83.28    0.00    7.51    0.00    0.00    8.71    0.00    0.00    0.00    0.50
13:32:03     all   82.80    0.00    8.30    0.00    0.00    8.50    0.00    0.00    0.00    0.40
13:32:04     all   81.06    0.00    9.52    0.00    0.00    9.02    0.00    0.00    0.00    0.40
13:32:05     all   81.50    0.00    9.10    0.00    0.00    9.30    0.00    0.00    0.00    0.10
13:32:06     all   79.00    0.00   11.10    0.00    0.00    9.50    0.00    0.00    0.00    0.40
13:32:07     all   83.02    0.00    7.89    0.00    0.00    8.89    0.00    0.00    0.00    0.20
13:32:08     all   82.60    0.00    9.30    0.00    0.00    8.10    0.00    0.00    0.00    0.00
13:32:09     all   82.49    0.00    8.66    0.00    0.00    8.66    0.00    0.00    0.00    0.20
13:32:10     all   84.92    0.00    6.89    0.00    0.00    8.09    0.00    0.00    0.00    0.10
13:32:11     all   80.44    0.00    8.22    0.00    0.00    8.43    0.00    0.00    0.00    2.91
13:32:12     all   84.70    0.00    6.80    0.00    0.00    8.00    0.00    0.00    0.00    0.50
13:32:13     all   83.97    0.00    7.92    0.00    0.00    8.12    0.00    0.00    0.00    0.00
13:32:14     all   81.52    0.00    9.29    0.00    0.00    8.89    0.00    0.00    0.00    0.30
13:32:15     all   83.53    0.00    7.43    0.00    0.00    8.73    0.00    0.00    0.00    0.30
13:32:16     all   78.76    0.00   11.42    0.00    0.00    8.62    0.00    0.00    0.00    1.20
13:32:17     all   79.86    0.00    6.21    0.00    0.00    8.02    0.00    0.00    0.00    5.91
13:32:18     all   79.36    0.00    7.72    0.30    0.00    8.42    0.00    0.00    0.00    4.21
13:32:19     all   78.96    0.00    7.62    0.00    0.00    8.62    0.00    0.00    0.00    4.81
13:32:20     all   79.94    0.00    8.43    0.00    0.00    8.83    0.00    0.00    0.00    2.81
13:32:21     all   81.95    0.00    8.12    0.00    0.00    8.73    0.00    0.00    0.00    1.20
13:32:22     all   80.72    0.00    8.69    0.00    0.00    8.39    0.00    0.00    0.00    2.20
13:32:23     all   79.26    0.00    8.42    0.00    0.00    9.22    0.00    0.00    0.00    3.11
13:32:24     all   78.06    0.00    9.22    0.00    0.00    8.82    0.00    0.00    0.00    3.91
13:32:25     all   81.60    0.00    9.40    0.00    0.00    8.90    0.00    0.00    0.00    0.10
13:32:26     all   80.66    0.00    9.97    0.00    0.00    8.57    0.00    0.00    0.00    0.80
13:32:27     all   83.85    0.00    7.02    0.00    0.00    8.73    0.00    0.00    0.00    0.40
13:32:28     all   82.65    0.00    8.67    0.00    0.00    8.67    0.00    0.00    0.00    0.00
13:32:29     all   82.12    0.00    9.09    0.00    0.00    8.69    0.00    0.00    0.00    0.10
13:32:30     all   83.50    0.00    7.00    0.00    0.00    9.10    0.00    0.00    0.00    0.40
13:32:31     all   83.53    0.00    7.33    0.00    0.00    9.14    0.00    0.00    0.00    0.00
13:32:32     all   82.40    0.00    8.70    0.00    0.00    8.60    0.00    0.00    0.00    0.30
13:32:33     all   82.60    0.00    8.50    0.00    0.00    8.70    0.00    0.00    0.00    0.20
13:32:34     all   82.27    0.00    8.57    0.00    0.00    8.86    0.00    0.00    0.00    0.30
13:32:35     all   78.34    0.00    8.73    0.00    0.00    8.73    0.00    0.00    0.00    4.21
13:32:36     all   81.90    0.00    9.40    0.00    0.00    8.60    0.00    0.00    0.00    0.10
13:32:37     all   80.44    0.00    9.98    0.00    0.00    9.08    0.00    0.00    0.00    0.50
13:32:38     all   82.05    0.00    8.63    0.00    0.00    8.53    0.00    0.00    0.00    0.80
13:32:39     all   80.78    0.00    8.41    0.00    0.00    8.31    0.00    0.00    0.00    2.50
13:32:40     all   83.10    0.00    8.10    0.00    0.00    8.60    0.00    0.00    0.00    0.20
13:32:41     all   83.32    0.00    8.29    0.00    0.00    8.29    0.00    0.00    0.00    0.10
13:32:42     all   81.88    0.00    9.01    0.00    0.00    8.81    0.00    0.00    0.00    0.30
13:32:43     all   83.40    0.00    8.00    0.00    0.00    8.60    0.00    0.00    0.00    0.00
13:32:44     all   81.56    0.00    9.32    0.00    0.00    9.02    0.00    0.00    0.00    0.10
13:32:45     all   82.72    0.00    8.29    0.00    0.00    8.49    0.00    0.00    0.00    0.50
13:32:46     all   82.25    0.00    9.23    0.00    0.00    8.32    0.00    0.00    0.00    0.20
13:32:47     all   76.52    0.00    9.09    0.00    0.00    8.79    0.00    0.00    0.00    5.59
13:32:48     all   80.34    0.00    7.32    0.00    0.00    8.73    0.00    0.00    0.00    3.61
13:32:49     all   83.40    0.00    7.70    0.00    0.00    8.70    0.00    0.00    0.00    0.20
13:32:50     all   83.55    0.00    8.63    0.00    0.00    7.52    0.00    0.00    0.00    0.30
13:32:51     all   84.23    0.00    7.39    0.00    0.00    8.08    0.00    0.00    0.00    0.30
13:32:52     all   78.01    0.00    8.03    0.00    0.00    9.04    0.00    0.00    0.00    4.92
13:32:53     all   82.34    0.00    8.68    0.00    0.00    8.98    0.00    0.00    0.00    0.00
13:32:54     all   78.83    0.00    8.06    0.00    0.00    8.37    0.00    0.00    0.00    4.74
13:32:55     all   82.72    0.00    7.59    0.00    0.00    8.29    0.00    0.00    0.00    1.40
13:32:56     all   82.44    0.00    8.78    0.00    0.00    8.28    0.00    0.00    0.00    0.50
13:32:57     all   79.86    0.00   10.52    0.00    0.00    8.82    0.00    0.00    0.00    0.80
13:32:58     all   83.28    0.00    7.91    0.00    0.00    8.21    0.00    0.00    0.00    0.60
13:32:59     all   83.30    0.00    8.20    0.00    0.00    8.30    0.00    0.00    0.00    0.20
13:33:00     all   77.56    0.00    9.32    0.00    0.00    9.52    0.00    0.00    0.00    3.61
13:33:01     all   83.62    0.00    7.49    0.00    0.00    8.39    0.00    0.00    0.00    0.50
13:33:02     all   82.82    0.00    7.79    0.00    0.00    8.79    0.00    0.00    0.00    0.60
13:33:03     all   82.58    0.00    8.51    0.00    0.00    8.41    0.00    0.00    0.00    0.50
13:33:04     all   83.17    0.00    7.82    0.00    0.00    8.62    0.00    0.00    0.00    0.40
13:33:05     all   84.08    0.00    7.76    0.00    0.00    7.66    0.00    0.00    0.00    0.50
13:33:06     all   81.17    0.00    9.37    0.00    0.00    9.37    0.00    0.00    0.00    0.10
13:33:07     all   76.69    0.00   11.16    0.00    0.00    9.06    0.00    0.00    0.00    3.09
13:33:08     all   82.57    0.00    8.72    0.00    0.00    8.22    0.00    0.00    0.00    0.50
13:33:09     all   82.82    0.00    8.19    0.00    0.00    8.19    0.00    0.00    0.00    0.80
13:33:10     all   83.55    0.00    7.52    0.00    0.00    8.63    0.00    0.00    0.00    0.30
13:33:11     all   81.12    0.00    9.69    0.00    0.00    8.99    0.00    0.00    0.00    0.20
13:33:12     all   83.98    0.00    7.61    0.00    0.00    8.21    0.00    0.00    0.00    0.20
13:33:13     all   83.00    0.00    7.90    0.00    0.00    8.50    0.00    0.00    0.00    0.60
13:33:14     all   82.67    0.00    7.41    0.00    0.00    9.12    0.00    0.00    0.00    0.80
13:33:15     all   82.47    0.00    7.97    0.00    0.00    8.96    0.00    0.00    0.00    0.60
13:33:16     all   81.21    0.00    9.55    0.00    0.00    9.15    0.00    0.00    0.00    0.10
13:33:17     all   78.52    0.00   10.49    0.00    0.00    8.99    0.00    0.00    0.00    2.00
13:33:18     all   81.50    0.00    8.70    0.00    0.00    8.10    0.00    0.00    0.00    1.70
13:33:19     all   83.60    0.00    8.60    0.00    0.00    7.80    0.00    0.00    0.00    0.00
13:33:20     all   83.18    0.00    8.21    0.00    0.00    8.51    0.00    0.00    0.00    0.10
13:33:21     all   83.88    0.00    7.81    0.00    0.00    8.01    0.00    0.00    0.00    0.30
13:33:22     all   84.58    0.00    6.41    0.00    0.00    8.61    0.00    0.00    0.00    0.40
13:33:23     all   84.03    0.00    7.58    0.00    0.00    8.18    0.00    0.00    0.00    0.20
13:33:24     all   84.07    0.00    7.31    0.00    0.00    8.52    0.00    0.00    0.00    0.10
13:33:25     all   82.02    0.00    8.09    0.00    0.00    8.59    0.00    0.00    0.00    1.30
13:33:26     all   83.05    0.00    8.63    0.00    0.00    7.82    0.00    0.00    0.00    0.50
13:33:27     all   80.08    0.00   10.01    0.00    0.00    9.41    0.00    0.00    0.00    0.50
13:33:28     all   81.97    0.00    9.16    0.00    0.00    8.27    0.00    0.00    0.00    0.60
13:33:29     all   81.76    0.00    8.92    0.00    0.00    9.12    0.00    0.00    0.00    0.20
13:33:30     all   82.04    0.00    9.08    0.00    0.00    8.58    0.00    0.00    0.00    0.30
13:33:31     all   85.37    0.00    5.91    0.00    0.00    8.42    0.00    0.00    0.00    0.30
13:33:32     all   84.05    0.00    6.68    0.00    0.00    8.97    0.00    0.00    0.00    0.30
13:33:33     all   83.67    0.00    7.21    0.00    0.00    8.52    0.00    0.00    0.00    0.60
13:33:34     all   82.46    0.00    8.52    0.00    0.00    8.92    0.00    0.00    0.00    0.10
13:33:35     all   82.45    0.00    7.48    0.00    0.00    8.87    0.00    0.00    0.00    1.20
13:33:36     all   81.90    0.00    9.00    0.00    0.00    8.90    0.00    0.00    0.00    0.20
13:33:37     all   79.22    0.00    9.69    0.00    0.00    9.29    0.00    0.00    0.00    1.80
13:33:38     all   80.54    0.00    7.42    0.20    0.00    8.63    0.00    0.00    0.00    3.21
13:33:39     all   84.37    0.00    6.81    0.00    0.00    8.32    0.00    0.00    0.00    0.50
13:33:40     all   84.22    0.00    7.19    0.00    0.00    8.29    0.00    0.00    0.00    0.30
13:33:41     all   78.86    0.00    9.42    0.00    0.00    9.02    0.00    0.00    0.00    2.71
13:33:42     all   80.24    0.00    7.92    0.00    0.00    8.22    0.00    0.00    0.00    3.61
13:33:43     all   81.85    0.00    7.12    0.20    0.00    8.12    0.00    0.00    0.00    2.71
13:33:44     all   82.58    0.00    7.11    0.00    0.00    9.11    0.00    0.00    0.00    1.20
13:33:45     all   79.94    0.00    9.08    0.00    0.00    8.68    0.00    0.00    0.00    2.30
13:33:46     all   78.43    0.00    9.68    0.00    0.00    8.67    0.00    0.00    0.00    3.23
13:33:47     all   78.68    0.00    8.91    0.00    0.00    9.41    0.00    0.00    0.00    3.00
13:33:48     all   82.80    0.00    8.20    0.00    0.00    8.60    0.00    0.00    0.00    0.40
13:33:49     all   81.08    0.00    9.36    0.00    0.00    9.26    0.00    0.00    0.00    0.30
13:33:50     all   82.25    0.00    9.13    0.00    0.00    8.22    0.00    0.00    0.00    0.40
13:33:51     all   82.72    0.00    8.19    0.00    0.00    8.79    0.00    0.00    0.00    0.30
13:33:52     all   83.28    0.00    7.91    0.00    0.00    8.71    0.00    0.00    0.00    0.10
13:33:53     all   81.48    0.00    8.31    0.00    0.00    9.31    0.00    0.00    0.00    0.90
13:33:54     all   85.59    0.00    5.91    0.00    0.00    8.21    0.00    0.00    0.00    0.30
13:33:55     all   81.80    0.00    8.90    0.00    0.00    8.90    0.00    0.00    0.00    0.40
13:33:56     all   82.18    0.00    8.91    0.00    0.00    8.81    0.00    0.00    0.00    0.10
13:33:57     all   82.55    0.00    8.93    0.00    0.00    8.22    0.00    0.00    0.00    0.30
13:33:58     all   79.12    0.00    9.49    0.00    0.00    8.59    0.00    0.00    0.00    2.80
13:33:59     all   84.13    0.00    7.39    0.00    0.00    8.28    0.00    0.00    0.00    0.20
13:34:00     all   83.08    0.00    8.51    0.00    0.00    8.31    0.00    0.00    0.00    0.10
13:34:01     all   81.38    0.00    9.01    0.00    0.00    8.81    0.00    0.00    0.00    0.80
13:34:02     all   83.83    0.00    7.19    0.00    0.00    8.68    0.00    0.00    0.00    0.30
13:34:03     all   83.25    0.00    8.02    0.00    0.00    8.53    0.00    0.00    0.00    0.20
13:34:04     all   83.60    0.00    7.60    0.00    0.00    8.60    0.00    0.00    0.00    0.20
13:34:05     all   83.73    0.00    7.49    0.00    0.00    8.68    0.00    0.00    0.00    0.10
13:34:06     all   81.34    0.00    9.43    0.00    0.00    8.83    0.00    0.00    0.00    0.40
13:34:07     all   84.58    0.00    6.81    0.00    0.00    8.61    0.00    0.00    0.00    0.00
13:34:08     all   78.40    0.00    9.90    0.00    0.00    9.00    0.00    0.00    0.00    2.70
13:34:09     all   84.70    0.00    6.80    0.00    0.00    8.30    0.00    0.00    0.00    0.20
13:34:10     all   77.19    0.00    8.04    0.00    0.00    8.64    0.00    0.00    0.00    6.13
13:34:11     all   81.00    0.00    9.20    0.00    0.00    8.80    0.00    0.00    0.00    1.00
13:34:12     all   83.20    0.00    8.10    0.00    0.00    8.40    0.00    0.00    0.00    0.30
13:34:13     all   77.59    0.00    7.84    0.20    0.00    8.64    0.00    0.00    0.00    5.73
13:34:14     all   75.03    0.00    8.66    0.00    0.00    9.57    0.00    0.00    0.00    6.75
13:34:15     all   84.39    0.00    6.45    0.00    0.00    8.36    0.00    0.00    0.00    0.81
13:34:16     all   80.14    0.00    8.28    0.00    0.00    8.18    0.00    0.00    0.00    3.39
13:34:17     all   80.76    0.00    7.62    0.00    0.00    8.52    0.00    0.00    0.00    3.11
13:34:18     all   77.49    0.00   10.35    0.00    0.00    8.64    0.00    0.00    0.00    3.52
13:34:19     all   82.36    0.00    7.92    0.00    0.00    9.02    0.00    0.00    0.00    0.70
13:34:20     all   84.38    0.00    6.61    0.00    0.00    8.91    0.00    0.00    0.00    0.10
13:34:21     all   82.93    0.00    7.58    0.00    0.00    8.98    0.00    0.00    0.00    0.50
13:34:22     all   83.37    0.00    8.52    0.00    0.00    8.02    0.00    0.00    0.00    0.10
13:34:23     all   83.23    0.00    8.23    0.00    0.00    8.33    0.00    0.00    0.00    0.20
13:34:24     all   85.24    0.00    6.48    0.00    0.00    7.88    0.00    0.00    0.00    0.40
13:34:25     all   80.20    0.00    9.60    0.00    0.00    9.20    0.00    0.00    0.00    1.00
13:34:26     all   77.76    0.00   10.32    0.00    0.00    9.52    0.00    0.00    0.00    2.40
13:34:27     all   82.26    0.00    8.92    0.00    0.00    8.42    0.00    0.00    0.00    0.40
13:34:28     all   78.76    0.00    9.77    0.20    0.00    9.17    0.00    0.00    0.00    2.09
13:34:29     all   84.58    0.00    6.71    0.00    0.00    8.41    0.00    0.00    0.00    0.30
13:34:30     all   83.60    0.00    7.00    0.00    0.00    9.10    0.00    0.00    0.00    0.30
13:34:31     all   83.35    0.00    8.08    0.00    0.00    8.08    0.00    0.00    0.00    0.50
13:34:32     all   83.42    0.00    7.79    0.00    0.00    8.39    0.00    0.00    0.00    0.40
13:34:33     all   82.00    0.00    8.90    0.00    0.00    8.80    0.00    0.00    0.00    0.30
13:34:34     all   82.65    0.00    7.82    0.00    0.00    9.43    0.00    0.00    0.00    0.10
13:34:35     all   85.21    0.00    6.29    0.00    0.00    7.99    0.00    0.00    0.00    0.50
13:34:36     all   79.52    0.00   10.59    0.00    0.00    9.39    0.00    0.00    0.00    0.50
13:34:37     all   81.48    0.00    7.21    0.00    0.00    8.21    0.00    0.00    0.00    3.10
13:34:38     all   79.02    0.00    8.73    0.00    0.00    7.93    0.00    0.00    0.00    4.32
13:34:39     all   80.76    0.00    7.41    0.00    0.00    9.02    0.00    0.00    0.00    2.81
13:34:40     all   82.72    0.00    7.90    0.00    0.00    8.59    0.00    0.00    0.00    0.79
13:34:41     all   81.64    0.00    7.32    0.00    0.00    8.73    0.00    0.00    0.00    2.31
13:34:42     all   84.52    0.00    7.19    0.00    0.00    7.89    0.00    0.00    0.00    0.40
13:34:43     all   83.37    0.00    8.12    0.00    0.00    8.42    0.00    0.00    0.00    0.10
13:34:44     all   82.00    0.00    8.60    0.00    0.00    9.20    0.00    0.00    0.00    0.20
13:34:45     all   84.68    0.00    6.61    0.00    0.00    8.71    0.00    0.00    0.00    0.00
13:34:46     all   83.12    0.00    7.99    0.00    0.00    8.69    0.00    0.00    0.00    0.20
13:34:47     all   83.72    0.00    7.39    0.00    0.00    8.79    0.00    0.00    0.00    0.10
13:34:48     all   80.46    0.00   10.62    0.00    0.00    8.52    0.00    0.00    0.00    0.40
13:34:49     all   84.20    0.00    7.10    0.00    0.00    8.40    0.00    0.00    0.00    0.30
13:34:50     all   84.70    0.00    7.00    0.00    0.00    8.10    0.00    0.00    0.00    0.20
13:34:51     all   83.43    0.00    7.98    0.00    0.00    8.28    0.00    0.00    0.00    0.30
13:34:52     all   84.04    0.00    6.53    0.00    0.00    8.94    0.00    0.00    0.00    0.50
13:34:53     all   82.30    0.00    9.00    0.00    0.00    8.60    0.00    0.00    0.00    0.10
13:34:54     all   82.12    0.00    8.49    0.00    0.00    8.99    0.00    0.00    0.00    0.40
13:34:55     all   81.78    0.00    9.01    0.00    0.00    8.61    0.00    0.00    0.00    0.60
13:34:56     all   82.60    0.00    8.20    0.00    0.00    8.30    0.00    0.00    0.00    0.90
13:34:57     all   82.68    0.00    8.21    0.00    0.00    8.71    0.00    0.00    0.00    0.40
13:34:58     all   81.83    0.00    8.73    0.00    0.00    9.14    0.00    0.00    0.00    0.30
13:34:59     all   79.88    0.00    9.61    0.00    0.00    8.61    0.00    0.00    0.00    1.90
13:35:00     all   82.27    0.00    8.67    0.00    0.00    8.76    0.00    0.00    0.00    0.30
13:35:01     all   83.35    0.00    7.92    0.00    0.00    8.53    0.00    0.00    0.00    0.20
13:35:02     all   84.78    0.00    6.71    0.00    0.00    8.21    0.00    0.00    0.00    0.30
13:35:03     all   82.67    0.00    8.76    0.00    0.00    8.27    0.00    0.00    0.00    0.30
13:35:04     all   80.82    0.00    9.29    0.00    0.00    8.99    0.00    0.00    0.00    0.90
13:35:05     all   83.08    0.00    7.16    0.00    0.00    9.45    0.00    0.00    0.00    0.30
13:35:06     all   83.94    0.00    7.43    0.00    0.00    8.43    0.00    0.00    0.00    0.20
13:35:07     all   80.82    0.00    9.14    0.00    0.00    7.93    0.00    0.00    0.00    2.11
Average:     all   81.72    0.00    8.62    0.01    0.00    8.56    0.00    0.00    0.00    1.09
